71.24783
71.20157
71.15520
71.10872
71.06213
71.01543
70.96862
70.92170
70.87466
70.82752
70.78027
70.73289
70.68541
70.63782
70.59011
70.54229
70.49436
70.44631
70.39816
70.34988
70.30149
70.25299
70.20437
70.15564
70.10679
70.05783
70.00875
69.95956
69.91025
69.86082
69.81128
69.76162
69.71184
69.66195
69.61193
69.56181
69.51156
69.46119
69.41071
69.36011
69.30939
69.25854
69.20758
69.15650
69.10530
69.05399
69.00254
68.95098
68.89930
68.84750
68.79558
68.74353
68.69136
68.63908
68.58666
68.53413
68.48147
68.42869
68.37579
68.32276
68.26961
68.21633
68.16293
68.10941
68.05576
68.00199
67.94809
67.89407
67.83992
67.78564
67.73124
67.67671
67.62206
67.56728
67.51237
67.45734
67.40217
67.34688
67.29146
67.23591
67.18023
67.12443
67.06849
67.01243
66.95623
66.89991
66.84345
66.78687
66.73016
66.67331
66.61633
66.55923
66.50198
66.44462
66.38711
66.32948
66.27171
66.21381
66.15577
66.09760
66.03930
65.98087
65.92230
65.86359
65.80476
65.74578
65.68668
65.62743
65.56805
65.50854
65.44889
65.38911
65.32918
65.26912
65.20892
65.14859
65.08812
65.02751
64.96677
64.90588
64.84486
64.78369
64.72239
64.66095
64.59937
64.53765
64.47579
64.41379
64.35165
64.28937
64.22694
64.16438
64.10168
64.03883
63.97584
63.91271
63.84944
63.78602
63.72247
63.65876
63.59492
63.53093
63.46680
63.40252
63.33810
63.27354
63.20883
63.14397
63.07897
63.01382
62.94853
62.88309
62.81751
62.75178
62.68591
62.61988
62.55371
62.48739
62.42092
62.35431
62.28754
62.22063
62.15358
62.08636
62.01901
61.95150
61.88384
61.81604
61.74808
61.67997
61.61171
61.54330
61.47475
61.40604
61.33717
61.26816
61.19899
61.12967
61.06020
60.99058
60.92080
60.85088
60.78079
60.71056
60.64016
60.56962
60.49892
60.42807
60.35706
60.28590
60.21458
60.14311
60.07148
59.99969
59.92775
59.85566
59.78340
59.71099
59.63842
59.56570
59.49281
59.41977
59.34658
59.27322
59.19970
59.12603
59.05220
58.97821
58.90406
58.82975
58.75528
58.68065
58.60586
58.53091
58.45580
58.38053
58.30510
58.22950
58.15375
58.07784
58.00175
57.92552
57.84911
57.77255
57.69582
57.61893
57.54188
57.46466
57.38728
57.30974
57.23203
57.15416
57.07613
56.99792
56.91956
56.84103
56.76234
56.68348
56.60445
56.52526
56.44590
56.36638
56.28669
56.20683
56.12681
56.04662
55.96626
55.88574
55.80505
55.72419
55.64317
55.56197
55.48061
55.39908
55.31738
55.23551
55.15347
55.07127
54.98889
54.90635
54.82363
54.74075
54.65769
54.57447
54.49107
54.40751
54.32378
54.23987
54.15579
54.07154
53.98712
53.90253
53.81777
53.73283
53.64773
53.56245
53.47700
53.39138
53.30558
53.21961
53.13347
53.04715
52.96067
52.87400
52.78717
52.70016
52.61298
52.52562
52.43809
52.35039
52.26251
52.17446
52.08623
51.99783
51.90925
51.82050
51.73157
51.64246
51.55319
51.46373
51.37410
51.28430
51.19432
51.10416
51.01382
50.92331
50.83263
50.74176
50.65072
50.55951
50.46811
50.37654
50.28480
50.19287
50.10077
50.00849
49.91603
49.82340
49.73059
49.63760
49.54443
49.45108
49.35756
49.26385
49.16998
49.07592
48.98168
48.88726
48.79267
48.69790
48.60294
48.50781
48.41250
48.31701
48.22135
48.12550
48.02947
47.93327
47.83688
47.74032
47.64357
47.54665
47.44955
47.35227
47.25481
47.15717
47.05934
46.96134
46.86316
46.76480
46.66626
46.56754
46.46864
46.36956
46.27030
46.17086
46.07124
45.97144
45.87145
45.77129
45.67095
45.57043
45.46973
45.36884
45.26778
45.16654
45.06512
44.96351
44.86173
44.75977
44.65762
44.55529
44.45279
44.35011
44.24724
44.14420
44.04097
43.93756
43.83398
43.73021
43.62627
43.52214
43.41784
43.31335
43.20868
43.10384
42.99881
42.89360
42.78822
42.68266
42.57691
42.47099
42.36488
42.25860
42.15214
42.04549
41.93867
41.83167
41.72449
41.61713
41.50959
41.40188
41.29398
41.18591
41.07765
40.96922
40.86061
40.75182
40.64286
40.53371
40.42439
40.31488
40.20521
40.09535
39.98532
39.87510
39.76471
39.65415
39.54340
39.43248
39.32138
39.21011
39.09866
38.98703
38.87523
38.76325
38.65109
38.53876
38.42625
38.31357
38.20071
38.08768
37.97447
37.86109
37.74753
37.63380
37.51989
37.40581
37.29155
37.17712
37.06252
36.94775
36.83279
36.71767
36.60238
36.48691
36.37127
36.25546
36.13948
36.02332
35.90699
35.79049
35.67382
35.55698
35.43998
35.32279
35.20544
35.08792
34.97023
34.85237
34.73434
34.61614
34.49778
34.37924
34.26054
34.14167
34.02263
33.90343
33.78405
33.66452
33.54481
33.42494
33.30490
33.18470
33.06433
32.94380
32.82310
32.70224
32.58122
32.46003
32.33868
32.21716
32.09549
31.97365
31.85165
31.72948
31.60716
31.48467
31.36203
31.23922
31.11626
30.99313
30.86985
30.74640
30.62280
30.49904
30.37512
30.25105
30.12682
30.00243
29.87789
29.75319
29.62833
29.50332
29.37815
29.25284
29.12736
29.00174
28.87596
28.75003
28.62394
28.49771
28.37132
28.24479
28.11810
27.99126
27.86427
27.73714
27.60986
27.48242
27.35485
27.22712
27.09925
26.97123
26.84306
26.71475
26.58629
26.45770
26.32895
26.20007
26.07104
25.94186
25.81255
25.68309
25.55350
25.42376
25.29389
25.16387
25.03372
24.90343
24.77299
24.64243
24.51172
24.38089
24.24991
24.11880
23.98755
23.85618
23.72466
23.59302
23.46124
23.32933
23.19729
23.06512
22.93282
22.80039
22.66784
22.53515
22.40233
22.26939
22.13632
22.00313
21.86981
21.73637
21.60280
21.46911
21.33530
21.20136
21.06730
20.93312
20.79883
20.66441
20.52987
20.39521
20.26044
20.12555
19.99054
19.85542
19.72018
19.58483
19.44936
19.31378
19.17809
19.04229
18.90637
18.77034
18.63421
18.49796
18.36161
18.22515
18.08858
17.95191
17.81513
17.67824
17.54125
17.40416
17.26696
17.12966
16.99226
16.85476
16.71716
16.57946
16.44166
16.30377
16.16577
16.02768
15.88950
15.75122
15.61284
15.47437
15.33581
15.19716
15.05842
14.91958
14.78066
14.64164
14.50254
14.36335
14.22408
14.08472
13.94527
13.80574
13.66613
13.52643
13.38665
13.24679
13.10685
12.96683
12.82673
12.68655
12.54630
12.40597
12.26556
12.12508
11.98452
11.84389
11.70319
11.56242
11.42158
11.28066
11.13968
10.99863
10.85751
10.71633
10.57508
10.43376
10.29238
10.15094
10.00943
9.86786
9.72623
9.58454
9.44280
9.30099
9.15913
9.01721
8.87523
8.73320
8.59111
8.44897
8.30678
8.16454
8.02225
7.87990
7.73751
7.59507
7.45258
7.31005
7.16747
7.02485
6.88218
6.73947
6.59672
6.45392
6.31109
6.16822
6.02530
5.88236
5.73937
5.59635
5.45329
5.31020
5.16707
5.02392
4.88073
4.73751
4.59426
4.45098
4.30768
4.16435
4.02099
3.87761
3.73420
3.59077
3.44731
3.30384
3.16034
3.01683
2.87329
2.72974
2.58617
2.44258
2.29898
2.15536
2.01173
1.86809
1.72444
1.58077
1.43710
1.29341
1.14972
1.00602
0.86232
0.71861
0.57489
0.43117
0.28745
0.14372
0.00000
-0.14372
-0.28745
-0.43117
-0.57489
-0.71861
-0.86232
-1.00602
-1.14972
-1.29341
-1.43710
-1.58077
-1.72444
-1.86809
-2.01173
-2.15536
-2.29898
-2.44258
-2.58617
-2.72974
-2.87329
-3.01683
-3.16034
-3.30384
-3.44731
-3.59077
-3.73420
-3.87761
-4.02099
-4.16435
-4.30768
-4.45098
-4.59426
-4.73751
-4.88073
-5.02392
-5.16707
-5.31020
-5.45329
-5.59635
-5.73937
-5.88236
-6.02530
-6.16822
-6.31109
-6.45392
-6.59672
-6.73947
-6.88218
-7.02485
-7.16747
-7.31005
-7.45258
-7.59507
-7.73751
-7.87990
-8.02225
-8.16454
-8.30678
-8.44897
-8.59111
-8.73320
-8.87523
-9.01721
-9.15913
-9.30099
-9.44280
-9.58454
-9.72623
-9.86786
-10.00943
-10.15094
-10.29238
-10.43376
-10.57508
-10.71633
-10.85751
-10.99863
-11.13968
-11.28066
-11.42158
-11.56242
-11.70319
-11.84389
-11.98452
-12.12508
-12.26556
-12.40597
-12.54630
-12.68655
-12.82673
-12.96683
-13.10685
-13.24679
-13.38665
-13.52643
-13.66613
-13.80574
-13.94527
-14.08472
-14.22408
-14.36335
-14.50254
-14.64164
-14.78066
-14.91958
-15.05842
-15.19716
-15.33581
-15.47437
-15.61284
-15.75122
-15.88950
-16.02768
-16.16577
-16.30377
-16.44166
-16.57946
-16.71716
-16.85476
-16.99226
-17.12966
-17.26696
-17.40416
-17.54125
-17.67824
-17.81513
-17.95191
-18.08858
-18.22515
-18.36161
-18.49796
-18.63421
-18.77034
-18.90637
-19.04229
-19.17809
-19.31378
-19.44936
-19.58483
-19.72018
-19.85542
-19.99054
-20.12555
-20.26044
-20.39521
-20.52987
-20.66441
-20.79883
-20.93312
-21.06730
-21.20136
-21.33530
-21.46911
-21.60280
-21.73637
-21.86981
-22.00313
-22.13632
-22.26939
-22.40233
-22.53515
-22.66784
-22.80039
-22.93282
-23.06512
-23.19729
-23.32933
-23.46124
-23.59302
-23.72466
-23.85618
-23.98755
-24.11880
-24.24991
-24.38089
-24.51172
-24.64243
-24.77299
-24.90343
-25.03372
-25.16387
-25.29389
-25.42376
-25.55350
-25.68309
-25.81255
-25.94186
-26.07104
-26.20007
-26.32895
-26.45770
-26.58629
-26.71475
-26.84306
-26.97123
-27.09925
-27.22712
-27.35485
-27.48242
-27.60986
-27.73714
-27.86427
-27.99126
-28.11810
-28.24479
-28.37132
-28.49771
-28.62394
-28.75003
-28.87596
-29.00174
-29.12736
-29.25284
-29.37815
-29.50332
-29.62833
-29.75319
-29.87789
-30.00243
-30.12682
-30.25105
-30.37512
-30.49904
-30.62280
-30.74640
-30.86985
-30.99313
-31.11626
-31.23922
-31.36203
-31.48467
-31.60716
-31.72948
-31.85165
-31.97365
-32.09549
-32.21716
-32.33868
-32.46003
-32.58122
-32.70224
-32.82310
-32.94380
-33.06433
-33.18470
-33.30490
-33.42494
-33.54481
-33.66452
-33.78405
-33.90343
-34.02263
-34.14167
-34.26054
-34.37924
-34.49778
-34.61614
-34.73434
-34.85237
-34.97023
-35.08792
-35.20544
-35.32279
-35.43998
-35.55698
-35.67382
-35.79049
-35.90699
-36.02332
-36.13948
-36.25546
-36.37127
-36.48691
-36.60238
-36.71767
-36.83279
-36.94775
-37.06252
-37.17712
-37.29155
-37.40581
-37.51989
-37.63380
-37.74753
-37.86109
-37.97447
-38.08768
-38.20071
-38.31357
-38.42625
-38.53876
-38.65109
-38.76325
-38.87523
-38.98703
-39.09866
-39.21011
-39.32138
-39.43248
-39.54340
-39.65415
-39.76471
-39.87510
-39.98532
-40.09535
-40.20521
-40.31488
-40.42439
-40.53371
-40.64286
-40.75182
-40.86061
-40.96922
-41.07765
-41.18591
-41.29398
-41.40188
-41.50959
-41.61713
-41.72449
-41.83167
-41.93867
-42.04549
-42.15214
-42.25860
-42.36488
-42.47099
-42.57691
-42.68266
-42.78822
-42.89360
-42.99881
-43.10384
-43.20868
-43.31335
-43.41784
-43.52214
-43.62627
-43.73021
-43.83398
-43.93756
-44.04097
-44.14420
-44.24724
-44.35011
-44.45279
-44.55529
-44.65762
-44.75977
-44.86173
-44.96351
-45.06512
-45.16654
-45.26778
-45.36884
-45.46973
-45.57043
-45.67095
-45.77129
-45.87145
-45.97144
-46.07124
-46.17086
-46.27030
-46.36956
-46.46864
-46.56754
-46.66626
-46.76480
-46.86316
-46.96134
-47.05934
-47.15717
-47.25481
-47.35227
-47.44955
-47.54665
-47.64357
-47.74032
-47.83688
-47.93327
-48.02947
-48.12550
-48.22135
-48.31701
-48.41250
-48.50781
-48.60294
-48.69790
-48.79267
-48.88726
-48.98168
-49.07592
-49.16998
-49.26385
-49.35756
-49.45108
-49.54443
-49.63760
-49.73059
-49.82340
-49.91603
-50.00849
-50.10077
-50.19287
-50.28480
-50.37654
-50.46811
-50.55951
-50.65072
-50.74176
-50.83263
-50.92331
-51.01382
-51.10416
-51.19432
-51.28430
-51.37410
-51.46373
-51.55319
-51.64246
-51.73157
-51.82050
-51.90925
-51.99783
-52.08623
-52.17446
-52.26251
-52.35039
-52.43809
-52.52562
-52.61298
-52.70016
-52.78717
-52.87400
-52.96067
-53.04715
-53.13347
-53.21961
-53.30558
-53.39138
-53.47700
-53.56245
-53.64773
-53.73283
-53.81777
-53.90253
-53.98712
-54.07154
-54.15579
-54.23987
-54.32378
-54.40751
-54.49107
-54.57447
-54.65769
-54.74075
-54.82363
-54.90635
-54.98889
-55.07127
-55.15347
-55.23551
-55.31738
-55.39908
-55.48061
-55.56197
-55.64317
-55.72419
-55.80505
-55.88574
-55.96626
-56.04662
-56.12681
-56.20683
-56.28669
-56.36638
-56.44590
-56.52526
-56.60445
-56.68348
-56.76234
-56.84103
-56.91956
-56.99792
-57.07613
-57.15416
-57.23203
-57.30974
-57.38728
-57.46466
-57.54188
-57.61893
-57.69582
-57.77255
-57.84911
-57.92552
-58.00175
-58.07784
-58.15375
-58.22950
-58.30510
-58.38053
-58.45580
-58.53091
-58.60586
-58.68065
-58.75528
-58.82975
-58.90406
-58.97821
-59.05220
-59.12603
-59.19970
-59.27322
-59.34658
-59.41977
-59.49281
-59.56570
-59.63842
-59.71099
-59.78340
-59.85566
-59.92775
-59.99969
-60.07148
-60.14311
-60.21458
-60.28590
-60.35706
-60.42807
-60.49892
-60.56962
-60.64016
-60.71056
-60.78079
-60.85088
-60.92080
-60.99058
-61.06020
-61.12967
-61.19899
-61.26816
-61.33717
-61.40604
-61.47475
-61.54330
-61.61171
-61.67997
-61.74808
-61.81604
-61.88384
-61.95150
-62.01901
-62.08636
-62.15358
-62.22063
-62.28754
-62.35431
-62.42092
-62.48739
-62.55371
-62.61988
-62.68591
-62.75178
-62.81751
-62.88309
-62.94853
-63.01382
-63.07897
-63.14397
-63.20883
-63.27354
-63.33810
-63.40252
-63.46680
-63.53093
-63.59492
-63.65876
-63.72247
-63.78602
-63.84944
-63.91271
-63.97584
-64.03883
-64.10168
-64.16438
-64.22694
-64.28937
-64.35165
-64.41379
-64.47579
-64.53765
-64.59937
-64.66095
-64.72239
-64.78369
-64.84486
-64.90588
-64.96677
-65.02751
-65.08812
-65.14859
-65.20892
-65.26912
-65.32918
-65.38911
-65.44889
-65.50854
-65.56805
-65.62743
-65.68668
-65.74578
-65.80476
-65.86359
-65.92230
-65.98087
-66.03930
-66.09760
-66.15577
-66.21381
-66.27171
-66.32948
-66.38711
-66.44462
-66.50198
-66.55923
-66.61633
-66.67331
-66.73016
-66.78687
-66.84345
-66.89991
-66.95623
-67.01243
-67.06849
-67.12443
-67.18023
-67.23591
-67.29146
-67.34688
-67.40217
-67.45734
-67.51237
-67.56728
-67.62206
-67.67671
-67.73124
-67.78564
-67.83992
-67.89407
-67.94809
-68.00199
-68.05576
-68.10941
-68.16293
-68.21633
-68.26961
-68.32276
-68.37579
-68.42869
-68.48147
-68.53413
-68.58666
-68.63908
-68.69136
-68.74353
-68.79558
-68.84750
-68.89930
-68.95098
-69.00254
-69.05399
-69.10530
-69.15650
-69.20758
-69.25854
-69.30939
-69.36011
-69.41071
-69.46119
-69.51156
-69.56181
-69.61193
-69.66195
-69.71184
-69.76162
-69.81128
-69.86082
-69.91025
-69.95956
-70.00875
-70.05783
-70.10679
-70.15564
-70.20437
-70.25299
-70.30149
-70.34988
-70.39816
-70.44631
-70.49436
-70.54229
-70.59011
-70.63782
-70.68541
-70.73289
-70.78027
-70.82752
-70.87466
-70.92170
-70.96862
-71.01543
-71.06213
-71.10872
-71.15520
-71.20157
-71.24783
