20.41588
20.55960
20.70333
20.84705
20.99077
21.13450
21.27822
21.42195
21.56567
21.70940
21.85312
21.99685
22.14057
22.28430
22.42802
22.57175
22.71547
22.85920
23.00292
23.14665
23.29037
23.43410
23.57782
23.72155
23.86527
24.00900
24.15272
24.29645
24.44017
24.58389
24.72762
24.87134
25.01507
25.15879
25.30252
25.44624
25.58997
25.73369
25.87742
26.02114
26.16487
26.30859
26.45232
26.59604
26.73977
26.88349
27.02722
27.17094
27.31466
27.45839
27.60212
27.74584
27.88956
28.03329
28.17701
28.32074
28.46446
28.60819
28.75191
28.89564
29.03936
29.18309
29.32681
29.47054
29.61426
29.75799
29.90171
30.04544
30.18916
30.33289
30.47661
30.62034
30.76406
30.90779
31.05151
31.19523
31.33896
31.48269
31.62641
31.77013
31.91386
32.05758
32.20131
32.34503
32.48876
32.63248
32.77621
32.91993
33.06366
33.20738
33.35111
33.49483
33.63856
33.78228
33.92601
34.06973
34.21346
34.35718
34.50090
34.64463
34.78835
34.93208
35.07581
35.21953
35.36325
35.50698
35.65070
35.79443
35.93815
36.08188
36.22560
36.36933
36.51305
36.65678
36.80050
36.94423
37.08795
37.23167
37.37540
37.51913
37.66285
37.80658
37.95030
38.09402
38.23775
38.38147
38.52520
38.66892
38.81265
38.95638
39.10010
39.24382
39.38755
39.53127
39.67500
39.81872
39.96245
40.10617
40.24990
40.39362
40.53735
40.68107
40.82479
40.96852
41.11224
41.25597
41.39970
41.54342
41.68715
41.83087
41.97459
42.11832
42.26204
42.40577
42.54949
42.69322
42.83694
42.98067
43.12439
43.26812
43.41184
43.55556
43.69929
43.84302
43.98674
44.13047
44.27419
44.41792
44.56164
44.70536
44.84909
44.99281
45.13654
45.28027
45.42399
45.56771
45.71144
45.85516
45.99889
46.14261
46.28634
46.43006
46.57379
46.71751
46.86124
47.00496
47.14869
47.29241
47.43613
47.57986
47.72359
47.86731
48.01104
48.15476
48.29848
48.44221
48.58593
48.72966
48.87338
49.01711
49.16084
49.30456
49.44828
49.59201
49.73573
49.87946
50.02318
50.16691
50.31063
50.45436
50.59808
50.74181
50.88553
51.02925
51.17298
51.31670
51.46043
51.60416
51.74788
51.89161
52.03533
52.17905
52.32278
52.46650
52.61023
52.75395
52.89768
53.04140
53.18513
53.32885
53.47258
53.61630
53.76003
53.90375
54.04748
54.19120
54.33493
54.47865
54.62238
54.76610
54.90982
55.05355
55.19727
55.34100
55.48473
55.62845
55.77217
55.91590
56.05962
56.20335
56.34707
56.49080
56.63452
56.77825
56.92197
57.06570
57.20942
57.35315
57.49687
57.64059
57.78432
57.92805
58.07177
58.21550
58.35922
58.50294
58.64667
58.79039
58.93412
59.07784
59.22157
59.36530
59.50902
59.65274
59.79647
59.94019
60.08392
60.22764
60.37137
60.51509
60.65882
60.80254
60.94627
61.08999
61.23372
61.37744
61.52116
61.66489
61.80862
61.95234
62.09607
62.23979
62.38351
62.52724
62.67096
62.81469
62.95841
63.10214
63.24586
63.38959
63.53331
63.67704
63.82076
63.96449
64.10822
64.25194
64.39566
64.53938
64.68311
64.82684
64.97056
65.11429
65.25801
65.40173
65.54546
65.68919
65.83291
65.97663
66.12036
66.26408
66.40781
66.55154
66.69526
66.83898
66.98270
67.12643
67.27016
67.41388
67.55761
67.70133
67.84505
67.98878
68.13251
68.27623
68.41995
68.56368
68.70741
68.85113
68.99486
69.13858
69.28230
69.42603
69.56976
69.71348
69.85720
70.00093
70.14465
70.28838
70.43211
70.57583
70.71955
70.86327
71.00700
71.15073
71.29445
71.43818
71.58190
71.72562
71.86935
72.01308
72.15680
72.30052
72.44425
72.58797
72.73170
72.87543
73.01915
73.16287
73.30659
73.45033
73.59405
73.73777
73.88150
74.02522
74.16895
74.31267
74.45640
74.60012
74.74384
74.88757
75.03130
75.17502
75.31875
75.46247
75.60619
75.74992
75.89365
76.03737
76.18109
76.32482
76.46854
76.61227
76.75600
76.89972
77.04344
77.18716
77.33089
77.47462
77.61834
77.76207
77.90579
78.04951
78.19324
78.33697
78.48069
78.62441
78.76814
78.91187
79.05559
79.19932
79.34304
79.48676
79.63049
79.77422
79.91794
80.06166
80.20539
80.34911
80.49284
80.63657
80.78029
80.92401
81.06773
81.21146
81.35519
81.49891
81.64264
81.78636
81.93008
82.07381
82.21754
82.36126
82.50498
82.64871
82.79243
82.93616
83.07989
83.22361
83.36733
83.51105
83.65479
83.79851
83.94223
84.08596
84.22968
84.37341
84.51713
84.66086
84.80458
84.94830
85.09203
85.23576
85.37948
85.52321
85.66693
85.81065
85.95438
86.09811
86.24183
86.38555
86.52928
86.67300
86.81673
86.96046
87.10418
87.24790
87.39162
87.53535
87.67908
87.82280
87.96653
88.11025
88.25397
88.39770
88.54143
88.68515
88.82887
88.97260
89.11633
89.26005
89.40378
89.54750
89.69122
89.83495
89.97868
90.12240
90.26612
90.40985
90.55357
90.69730
90.84102
90.98475
91.12847
91.27219
91.41592
91.55965
91.70337
91.84710
91.99082
92.13454
92.27827
92.42200
92.56572
92.70944
92.85317
92.99689
93.14062
93.28435
93.42807
93.57179
93.71552
93.85925
94.00297
94.14669
94.29042
94.43414
94.57787
94.72159
94.86532
95.00904
95.15276
95.29649
95.44022
95.58394
95.72767
95.87139
96.01511
96.15884
96.30257
96.44629
96.59001
96.73374
96.87746
97.02119
97.16491
97.30864
97.45236
97.59608
97.73981
97.88354
98.02726
98.17099
98.31471
98.45844
98.60216
98.74589
98.88961
99.03333
99.17706
99.32079
99.46451
99.60824
99.75196
99.89568
100.03941
100.18314
100.32686
100.47058
100.61431
100.75803
100.90176
101.04548
101.18921
101.33293
101.47665
101.62038
101.76411
101.90783
102.05156
102.19528
102.33900
102.48273
102.62646
102.77018
102.91390
103.05763
103.20135
103.34508
103.48881
103.63253
103.77625
103.91998
104.06371
104.20743
104.35115
104.49488
104.63860
104.78233
104.92605
105.06978
105.21350
105.35722
105.50095
105.64468
105.78840
105.93213
106.07585
106.21957
106.36330
106.50703
106.65075
106.79447
106.93820
107.08192
107.22565
107.36937
107.51310
107.65682
107.80054
107.94427
108.08800
108.23172
108.37545
108.51917
108.66290
108.80662
108.95035
109.09407
109.23779
109.38152
109.52525
109.66897
109.81270
109.95642
110.10014
110.24387
110.38760
110.53132
110.67504
110.81877
110.96249
111.10622
111.24994
111.39367
111.53739
111.68111
111.82484
111.96857
112.11229
112.25602
112.39974
112.54346
112.68719
112.83092
112.97464
113.11836
113.26209
113.40582
113.54954
113.69326
113.83699
113.98071
114.12444
114.26817
114.41189
114.55561
114.69934
114.84306
114.98679
115.13051
115.27424
115.41796
115.56168
115.70541
115.84914
115.99286
116.13659
116.28031
116.42403
116.56776
116.71149
116.85521
116.99893
117.14266
117.28638
117.43011
117.57383
117.71756
117.86128
118.00500
118.14874
118.29246
118.43618
118.57991
118.72363
118.86736
119.01108
119.15481
119.29853
119.44225
119.58598
119.72971
119.87343
120.01715
120.16088
120.30460
120.44833
120.59206
120.73578
120.87950
121.02323
121.16695
121.31068
121.45440
121.59813
121.74185
121.88557
122.02930
122.17303
122.31675
122.46048
122.60420
122.74792
122.89165
123.03538
123.17910
123.32282
123.46655
123.61028
123.75400
123.89772
124.04145
124.18517
124.32890
124.47263
124.61635
124.76007
124.90380
125.04752
125.19125
125.33497
125.47870
125.62242
125.76614
125.90987
126.05360
126.19732
126.34105
126.48477
126.62849
126.77222
126.91595
127.05967
127.20339
127.34712
127.49084
127.63457
127.77829
127.92202
128.06575
128.20947
128.35320
128.49692
128.64064
128.78436
128.92809
129.07182
129.21555
129.35927
129.50299
129.64671
129.79044
129.93416
130.07790
130.22162
130.36534
130.50906
130.65279
130.79651
130.94023
131.08397
131.22769
131.37141
131.51514
131.65886
131.80258
131.94632
132.09004
132.23376
132.37749
132.52121
132.66493
132.80865
132.95239
133.09612
133.23984
133.38356
133.52728
133.67101
133.81473
133.95847
134.10219
134.24591
134.38963
134.53336
134.67708
134.82080
134.96454
135.10826
135.25198
135.39571
135.53943
135.68315
135.82689
135.97061
136.11433
136.25806
136.40178
136.54550
136.68922
136.83296
136.97668
137.12041
137.26413
137.40785
137.55157
137.69530
137.83904
137.98276
138.12648
138.27020
138.41393
138.55765
138.70137
138.84511
138.98883
139.13255
139.27628
139.42000
139.56372
139.70744
139.85118
139.99490
140.13863
140.28235
140.42607
140.56979
140.71353
140.85725
141.00098
141.14470
141.28842
141.43214
141.57587
141.71960
141.86333
142.00705
142.15077
142.29449
142.43822
142.58194
142.72568
142.86940
143.01312
143.15685
143.30057
143.44429
143.58801
143.73175
143.87547
144.01920
144.16292
144.30664
144.45036
144.59410
144.73782
144.88155
145.02527
145.16899
145.31271
145.45644
145.60017
145.74390
145.88762
146.03134
146.17506
146.31879
146.46251
146.60625
146.74997
146.89369
147.03741
147.18114
147.32486
147.46858
147.61232
147.75604
147.89977
148.04349
148.18721
148.33093
148.47467
148.61839
148.76212
148.90584
149.04956
149.19328
149.33701
149.48074
149.62447
149.76819
149.91191
150.05563
150.19936
150.34308
150.48682
150.63054
150.77426
150.91798
151.06171
151.20543
151.34915
151.49289
151.63661
151.78033
151.92406
152.06778
152.21150
152.35524
152.49896
152.64268
152.78641
152.93013
153.07385
153.21758
153.36131
153.50504
153.64876
153.79248
153.93620
154.07993
154.22365
154.36739
154.51111
154.65483
154.79855
154.94228
155.08600
155.22972
155.37346
155.51718
155.66090
155.80463
155.94835
156.09207
156.23579
156.37953
156.52325
156.66698
156.81070
156.95442
157.09814
157.24188
157.38560
157.52933
157.67305
157.81677
157.96049
158.10422
158.24796
158.39168
158.53540
158.67912
158.82285
158.96657
159.11029
159.25403
159.39775
159.54147
159.68520
159.82892
159.97264
160.11636
160.26010
160.40382
160.54755
160.69127
160.83499
160.97871
161.12245
161.26617
161.40990
161.55362
161.69734
161.84106
161.98479
162.12852
162.27225
162.41597
162.55969
162.70341
162.84714
162.99086
163.13460
163.27832
163.42204
163.56577
163.70949
163.85321
163.99693
164.14067
164.28439
164.42812
164.57184
164.71556
164.85928
165.00302
165.14674
165.29047
165.43419
165.57791
165.72163
165.86536
166.00909
166.15282
166.29654
166.44026
166.58398
166.72771
166.87143
167.01517
167.15889
167.30261
167.44633
167.59006
167.73378
167.87750
168.02124
168.16496
168.30869
168.45241
168.59613
168.73985
168.88359
169.02731
169.17104
169.31476
169.45848
169.60220
169.74593
169.88966
170.03339
170.17711
170.32083
170.46455
170.60828
170.75200
170.89574
171.03946
171.18318
171.32690
171.47063
171.61435
171.75807
171.90181
172.04553
172.18925
172.33298
172.47670
172.62042
172.76414
172.90788
173.05161
173.19533
173.33905
173.48277
173.62650
173.77023
173.91396
174.05768
174.20140
174.34512
174.48885
174.63257
174.77631
174.92003
175.06375
175.20747
175.35120
175.49492
175.63864
175.78238
175.92610
176.06982
176.21355
176.35727
176.50099
176.64471
176.78845
176.93217
177.07590
177.21962
177.36334
177.50706
177.65080
177.79453
177.93825
178.08197
178.22569
178.36942
178.51314
178.65688
178.80060
178.94432
179.08804
179.23177
179.37549
179.51921
179.66295
179.80667
179.95039
-179.90588
-179.76216
-179.61844
-179.47472
-179.33098
-179.18726
-179.04353
-178.89981
-178.75609
-178.61237
-178.46863
-178.32491
-178.18118
-178.03746
-177.89374
-177.75002
-177.60629
-177.46255
-177.31883
-177.17511
-177.03139
-176.88766
-176.74394
-176.60022
-176.45648
-176.31276
-176.16904
-176.02531
-175.88159
-175.73787
-175.59415
-175.45041
-175.30669
-175.16296
-175.01924
-174.87552
-174.73180
-174.58807
-174.44434
-174.30061
-174.15689
-174.01317
-173.86945
-173.72572
-173.58199
-173.43826
-173.29454
-173.15082
-173.00710
-172.86337
-172.71965
-172.57591
-172.43219
-172.28847
-172.14474
-172.00102
-171.85730
-171.71358
-171.56984
-171.42612
-171.28239
-171.13867
-170.99495
-170.85123
-170.70750
-170.56377
-170.42004
-170.27632
-170.13260
-169.98888
-169.84515
-169.70142
-169.55769
-169.41397
-169.27025
-169.12653
-168.98280
-168.83908
-168.69534
-168.55162
-168.40790
-168.26418
-168.12045
-167.97673
-167.83301
-167.68927
-167.54555
-167.40182
-167.25810
-167.11438
-166.97066
-166.82693
-166.68320
-166.53947
-166.39575
-166.25203
-166.10831
-165.96458
-165.82085
-165.67712
-165.53340
-165.38968
-165.24596
-165.10223
-164.95851
-164.81477
-164.67105
-164.52733
-164.38361
-164.23988
-164.09616
-163.95244
-163.80870
-163.66498
-163.52126
-163.37753
-163.23381
-163.09009
-162.94637
-162.80263
-162.65891
-162.51518
-162.37146
-162.22774
-162.08401
-161.94028
-161.79655
-161.65283
-161.50911
-161.36539
-161.22166
-161.07794
-160.93420
-160.79048
-160.64676
-160.50304
-160.35931
-160.21559
-160.07187
-159.92813
-159.78441
-159.64069
-159.49696
-159.35324
-159.20952
-159.06580
-158.92206
-158.77834
-158.63461
-158.49089
-158.34717
-158.20345
-158.05972
-157.91599
-157.77226
-157.62854
-157.48482
-157.34109
-157.19737
-157.05363
-156.90991
-156.76619
-156.62247
-156.47874
-156.33502
-156.19130
-156.04756
-155.90384
-155.76012
-155.61639
-155.47267
-155.32895
-155.18523
-155.04149
-154.89777
-154.75404
-154.61032
-154.46660
-154.32288
-154.17915
-154.03542
-153.89169
-153.74797
-153.60425
-153.46053
-153.31680
-153.17307
-153.02934
-152.88562
-152.74190
-152.59818
-152.45445
-152.31073
-152.16699
-152.02327
-151.87955
-151.73582
-151.59210
-151.44838
-151.30466
-151.16092
-151.01720
-150.87347
-150.72975
-150.58603
-150.44231
-150.29858
-150.15485
-150.01112
-149.86740
-149.72368
-149.57996
-149.43623
-149.29250
-149.14877
-149.00505
-148.86133
-148.71761
-148.57388
-148.43016
-148.28642
-148.14270
-147.99898
-147.85526
-147.71153
-147.56781
-147.42409
-147.28035
-147.13663
-146.99290
-146.84918
-146.70546
-146.56174
-146.41801
-146.27428
-146.13055
-145.98683
-145.84311
-145.69939
-145.55566
-145.41193
-145.26820
-145.12448
-144.98076
-144.83704
-144.69331
-144.54959
-144.40585
-144.26213
-144.11841
-143.97469
-143.83096
-143.68724
-143.54352
-143.39978
-143.25606
-143.11234
-142.96861
-142.82489
-142.68117
-142.53745
-142.39371
-142.24998
-142.10626
-141.96254
-141.81882
-141.67509
-141.53137
-141.38763
-141.24391
-141.10019
-140.95647
-140.81274
-140.66902
-140.52528
-140.38156
-140.23784
-140.09412
-139.95039
-139.80667
-139.66295
-139.51921
-139.37549
-139.23177
-139.08804
-138.94432
-138.80060
-138.65688
-138.51314
-138.36942
-138.22569
-138.08197
-137.93825
-137.79453
-137.65080
-137.50706
-137.36334
-137.21962
-137.07590
-136.93217
-136.78845
-136.64471
-136.50099
-136.35727
-136.21355
-136.06982
-135.92610
-135.78238
-135.63864
-135.49492
-135.35120
-135.20747
-135.06375
-134.92003
-134.77631
-134.63257
-134.48885
-134.34512
-134.20140
-134.05768
-133.91396
-133.77023
-133.62650
-133.48277
-133.33905
-133.19533
-133.05161
-132.90788
-132.76414
-132.62042
-132.47670
-132.33298
-132.18925
-132.04553
-131.90181
-131.75807
-131.61435
-131.47063
-131.32690
-131.18318
-131.03946
-130.89574
-130.75200
-130.60828
-130.46455
-130.32083
-130.17711
-130.03339
-129.88966
-129.74593
-129.60220
-129.45848
-129.31476
-129.17104
-129.02731
-128.88359
-128.73985
-128.59613
-128.45241
-128.30869
-128.16496
-128.02124
-127.87750
-127.73378
-127.59006
-127.44633
-127.30261
-127.15889
-127.01517
-126.87143
-126.72771
-126.58398
-126.44026
-126.29654
-126.15282
-126.00909
-125.86536
-125.72163
-125.57791
-125.43419
-125.29047
-125.14674
-125.00302
-124.85928
-124.71556
-124.57184
-124.42812
-124.28439
-124.14067
-123.99693
-123.85321
-123.70949
-123.56577
-123.42204
-123.27832
-123.13460
-122.99086
-122.84714
-122.70341
-122.55969
-122.41597
-122.27225
-122.12852
-121.98479
-121.84106
-121.69734
-121.55362
-121.40990
-121.26617
-121.12245
-120.97871
-120.83499
-120.69127
-120.54755
-120.40382
-120.26010
-120.11636
-119.97264
-119.82892
-119.68520
-119.54147
-119.39775
-119.25403
-119.11029
-118.96657
-118.82285
-118.67912
-118.53540
-118.39168
-118.24796
-118.10422
-117.96049
-117.81677
-117.67305
-117.52933
-117.38560
-117.24188
-117.09814
-116.95442
-116.81070
-116.66698
-116.52325
-116.37953
-116.23579
-116.09207
-115.94835
-115.80463
-115.66090
-115.51718
-115.37346
-115.22972
-115.08600
-114.94228
-114.79855
-114.65483
-114.51111
-114.36739
-114.22365
-114.07993
-113.93620
-113.79248
-113.64876
-113.50504
-113.36131
-113.21758
-113.07385
-112.93013
-112.78641
-112.64268
-112.49896
-112.35524
-112.21150
-112.06778
-111.92406
-111.78033
-111.63661
-111.49289
-111.34915
-111.20543
-111.06171
-110.91798
-110.77426
-110.63054
-110.48682
-110.34308
-110.19936
-110.05563
-109.91191
-109.76819
-109.62447
-109.48074
-109.33701
-109.19328
-109.04956
-108.90584
-108.76212
-108.61839
-108.47467
-108.33093
-108.18721
-108.04349
-107.89977
-107.75604
-107.61232
-107.46858
-107.32486
-107.18114
-107.03741
-106.89369
-106.74997
-106.60625
-106.46251
-106.31879
-106.17506
-106.03134
-105.88762
-105.74390
-105.60017
-105.45644
-105.31271
-105.16899
-105.02527
-104.88155
-104.73782
-104.59410
-104.45036
-104.30664
-104.16292
-104.01920
-103.87546
-103.73175
-103.58801
-103.44431
-103.30057
-103.15686
-103.01312
-102.86938
-102.72568
-102.58194
-102.43823
-102.29449
-102.15079
-102.00705
-101.86331
-101.71960
-101.57587
-101.43216
-101.28842
-101.14468
-101.00098
-100.85724
-100.71353
-100.56979
-100.42609
-100.28235
-100.13861
-99.99490
-99.85117
-99.70746
-99.56372
-99.42001
-99.27628
-99.13254
-98.98883
-98.84509
-98.70139
-98.55765
-98.41394
-98.27020
-98.12646
-97.98276
-97.83902
-97.69531
-97.55157
-97.40787
-97.26413
-97.12039
-96.97668
-96.83295
-96.68924
-96.54550
-96.40179
-96.25806
-96.11432
-95.97061
-95.82687
-95.68317
-95.53943
-95.39572
-95.25198
-95.10825
-94.96454
-94.82080
-94.67709
-94.53336
-94.38965
-94.24591
-94.10217
-93.95847
-93.81473
-93.67102
-93.52728
-93.38354
-93.23984
-93.09610
-92.95239
-92.80865
-92.66495
-92.52121
-92.37747
-92.23376
-92.09003
-91.94632
-91.80258
-91.65887
-91.51514
-91.37140
-91.22769
-91.08395
-90.94025
-90.79651
-90.65280
-90.50906
-90.36533
-90.22162
-90.07788
-89.93417
-89.79044
-89.64673
-89.50299
-89.35925
-89.21555
-89.07181
-88.92810
-88.78436
-88.64066
-88.49692
-88.35318
-88.20947
-88.06573
-87.92203
-87.77829
-87.63458
-87.49084
-87.34711
-87.20340
-87.05966
-86.91595
-86.77222
-86.62851
-86.48477
-86.34103
-86.19733
-86.05359
-85.90988
-85.76614
-85.62244
-85.47870
-85.33496
-85.19125
-85.04752
-84.90381
-84.76007
-84.61633
-84.47263
-84.32889
-84.18518
-84.04144
-83.89774
-83.75400
-83.61026
-83.46655
-83.32281
-83.17911
-83.03537
-82.89166
-82.74792
-82.60419
-82.46048
-82.31674
-82.17303
-82.02930
-81.88559
-81.74185
-81.59811
-81.45441
-81.31067
-81.16696
-81.02322
-80.87952
-80.73578
-80.59204
-80.44833
-80.30460
-80.16089
-80.01715
-79.87344
-79.72971
-79.58597
-79.44226
-79.29852
-79.15482
-79.01108
-78.86737
-78.72363
-78.57990
-78.43619
-78.29245
-78.14874
-78.00500
-77.86130
-77.71756
-77.57382
-77.43011
-77.28638
-77.14267
-76.99893
-76.85519
-76.71149
-76.56775
-76.42404
-76.28030
-76.13660
-75.99286
-75.84912
-75.70541
-75.56168
-75.41797
-75.27423
-75.13052
-74.98679
-74.84305
-74.69934
-74.55560
-74.41190
-74.26816
-74.12445
-73.98071
-73.83698
-73.69327
-73.54953
-73.40582
-73.26208
-73.11838
-72.97464
-72.83090
-72.68719
-72.54346
-72.39975
-72.25601
-72.11230
-71.96857
-71.82483
-71.68112
-71.53738
-71.39368
-71.24994
-71.10623
-70.96249
-70.81876
-70.67505
-70.53131
-70.38760
-70.24387
-70.10016
-69.95642
-69.81268
-69.66898
-69.52524
-69.38153
-69.23779
-69.09409
-68.95035
-68.80661
-68.66290
-68.51917
-68.37546
-68.23172
-68.08798
-67.94427
-67.80054
-67.65683
-67.51309
-67.36938
-67.22565
-67.08191
-66.93820
-66.79446
-66.65076
-66.50702
-66.36331
-66.21957
-66.07584
-65.93213
-65.78839
-65.64468
-65.50095
-65.35724
-65.21350
-65.06976
-64.92606
-64.78232
-64.63861
-64.49487
-64.35117
-64.20743
-64.06369
-63.91998
-63.77625
-63.63254
-63.48880
-63.34509
-63.20135
-63.05762
-62.91391
-62.77017
-62.62646
-62.48273
-62.33902
-62.19528
-62.05154
-61.90784
-61.76410
-61.62039
-61.47665
-61.33295
-61.18921
-61.04547
-60.90176
-60.75803
-60.61432
-60.47058
-60.32687
-60.18314
-60.03940
-59.89569
-59.75195
-59.60825
-59.46451
-59.32077
-59.17706
-59.03333
-58.88962
-58.74588
-58.60217
-58.45844
-58.31470
-58.17099
-58.02725
-57.88354
-57.73981
-57.59610
-57.45236
-57.30862
-57.16492
-57.02118
-56.87747
-56.73373
-56.59003
-56.44629
-56.30255
-56.15884
-56.01511
-55.87140
-55.72766
-55.58395
-55.44022
-55.29648
-55.15277
-55.00903
-54.86533
-54.72159
-54.57788
-54.43414
-54.29041
-54.14670
-54.00296
-53.85925
-53.71552
-53.57181
-53.42807
-53.28433
-53.14062
-52.99689
-52.85318
-52.70944
-52.56573
-52.42200
-52.27826
-52.13455
-51.99081
-51.84711
-51.70337
-51.55963
-51.41592
-51.27219
-51.12848
-50.98474
-50.84103
-50.69730
-50.55356
-50.40985
-50.26611
-50.12241
-49.97867
-49.83496
-49.69122
-49.54749
-49.40378
-49.26004
-49.11633
-48.97260
-48.82889
-48.68515
-48.54141
-48.39771
-48.25397
-48.11026
-47.96652
-47.82281
-47.67908
-47.53534
-47.39163
-47.24789
-47.10419
-46.96045
-46.81674
-46.67300
-46.52927
-46.38556
-46.24182
-46.09811
-45.95438
-45.81067
-45.66693
-45.52319
-45.37949
-45.23575
-45.09204
-44.94830
-44.80460
-44.66086
-44.51712
-44.37341
-44.22968
-44.08597
-43.94223
-43.79852
-43.65479
-43.51105
-43.36734
-43.22360
-43.07990
-42.93616
-42.79242
-42.64871
-42.50497
-42.36127
-42.21753
-42.07382
-41.93008
-41.78635
-41.64264
-41.49890
-41.35519
-41.21146
-41.06775
-40.92401
-40.78027
-40.63657
-40.49283
-40.34912
-40.20538
-40.06168
-39.91794
-39.77420
-39.63049
-39.48676
-39.34305
-39.19931
-39.05560
-38.91187
-38.76813
-38.62442
-38.48068
-38.33698
-38.19324
-38.04953
-37.90579
-37.76205
-37.61835
-37.47461
-37.33090
-37.18716
-37.04346
-36.89972
-36.75598
-36.61227
-36.46854
-36.32483
-36.18109
-36.03738
-35.89365
-35.74991
-35.60620
-35.46246
-35.31876
-35.17502
-35.03128
-34.88757
-34.74384
-34.60013
-34.45639
-34.31268
-34.16895
-34.02521
-33.88150
-33.73776
-33.59406
-33.45032
-33.30661
-33.16287
-33.01913
-32.87543
-32.73169
-32.58798
-32.44424
-32.30054
-32.15680
-32.01306
-31.86935
-31.72562
-31.58191
-31.43817
-31.29446
-31.15073
-31.00699
-30.86328
-30.71954
-30.57584
-30.43210
-30.28839
-30.14465
-30.00092
-29.85721
-29.71347
-29.56976
-29.42603
-29.28232
-29.13858
-28.99484
-28.85114
-28.70740
-28.56369
-28.41995
-28.27625
-28.13251
-27.98877
-27.84506
-27.70132
-27.55762
-27.41388
-27.27017
-27.12643
-26.98270
-26.83899
-26.69525
-26.55154
-26.40781
-26.26407
-26.12036
-25.97662
-25.83292
-25.68918
-25.54547
-25.40173
-25.25800
-25.11429
-24.97055
-24.82684
-24.68311
-24.53940
-24.39566
-24.25192
-24.10822
-23.96448
-23.82077
-23.67703
-23.53333
-23.38959
-23.24585
-23.10214
-22.95840
-22.81470
-22.67096
-22.52725
-22.38351
-22.23978
-22.09607
-21.95233
-21.80862
-21.66489
-21.52118
-21.37744
-21.23370
-21.09000
-20.94626
-20.80255
-20.65881
-20.51511
-20.37137
-20.22763
-20.08392
-19.94019
-19.79648
-19.65274
-19.50903
-19.36530
-19.22156
-19.07785
-18.93411
-18.79041
-18.64667
-18.50293
-18.35922
-18.21548
-18.07178
-17.92804
-17.78433
-17.64059
-17.49686
-17.35315
-17.20941
-17.06570
-16.92197
-16.77826
-16.63452
-16.49078
-16.34708
-16.20334
-16.05963
-15.91589
-15.77219
-15.62845
-15.48471
-15.34100
-15.19727
-15.05356
-14.90982
-14.76611
-14.62238
-14.47864
-14.33493
-14.19119
-14.04749
-13.90375
-13.76004
-13.61630
-13.47256
-13.32886
-13.18512
-13.04141
-12.89767
-12.75397
-12.61023
-12.46649
-12.32278
-12.17905
-12.03534
-11.89160
-11.74789
-11.60416
-11.46042
-11.31671
-11.17297
-11.02927
-10.88553
-10.74182
-10.59808
-10.45435
-10.31064
-10.16690
-10.02319
-9.87946
-9.73572
-9.59201
-9.44827
-9.30457
-9.16083
-9.01712
-8.87338
-8.72964
-8.58594
-8.44220
-8.29849
-8.15475
-8.01105
-7.86731
-7.72357
-7.57986
-7.43613
-7.29242
-7.14868
-7.00497
-6.86124
-6.71750
-6.57379
-6.43005
-6.28635
-6.14261
-5.99890
-5.85516
-5.71143
-5.56772
-5.42398
-5.28027
-5.13654
-4.99283
-4.84909
-4.70535
-4.56165
-4.41791
-4.27420
-4.13046
-3.98676
-3.84302
-3.69928
-3.55557
-3.41183
-3.26813
-3.12439
-2.98068
-2.83694
-2.69321
-2.54950
-2.40576
-2.26205
-2.11832
-1.97458
-1.83087
-1.68713
-1.54343
-1.39969
-1.25598
-1.11224
-0.96851
-0.82480
-0.68106
-0.53735
-0.39362
-0.24991
-0.10617
0.03757
0.18127
0.32501
0.46872
0.61246
0.75616
0.89990
1.04364
1.18735
1.33109
1.47479
1.61853
1.76224
1.90598
2.04971
2.19342
2.33716
2.48087
2.62460
2.76831
2.91205
3.05579
3.19949
3.34323
3.48694
3.63068
3.77438
3.91812
4.06186
4.20557
4.34930
4.49301
4.63675
4.78046
4.92419
5.06793
5.21164
5.35538
5.49908
5.64282
5.78653
5.93027
6.07401
6.21771
6.36145
6.50516
6.64890
6.79263
6.93634
7.08008
7.22379
7.36752
7.51123
7.65497
7.79871
7.94241
8.08615
8.22986
8.37360
8.51730
8.66104
8.80478
8.94849
9.09222
9.23593
9.37967
9.52338
9.66711
9.81085
9.95456
10.09830
10.24200
10.38574
10.52945
10.67319
10.81693
10.96063
11.10437
11.24808
11.39182
11.53552
11.67926
11.82300
11.96671
12.11044
12.25415
12.39789
12.54160
12.68533
12.82907
12.97278
13.11652
13.26022
13.40396
13.54767
13.69141
13.83514
13.97885
14.12259
14.26630
14.41003
14.55377
14.69748
14.84122
14.98492
15.12866
15.27237
15.41611
15.55984
15.70355
15.84729
15.99100
16.13474
16.27844
16.42218
16.56592
16.70963
16.85336
16.99707
17.14081
17.28452
17.42825
17.57199
17.71570
17.85944
18.00314
18.14688
18.29059
18.43433
18.57806
18.72177
18.86551
19.00922
19.15295
19.29666
19.44040
19.58414
